R0:26851.046773,0.041792,26851.046886,26851.088781
R1:26851.230289,0.133472,26851.230333,26851.363831
R2:26851.383160,0.018341,26851.383197,26851.401543
R3:26851.625825,0.121834,26851.625858,26851.747702
R4:26851.666677,0.067281,26851.747763,26851.815052
R5:26851.699231,0.082600,26851.815067,26851.897672
R6:26851.764143,0.060026,26851.897686,26851.957716
R7:26851.809531,0.206605,26851.957729,26852.164339
R8:26852.113677,0.105280,26852.164353,26852.269638
R9:26852.214665,0.077822,26852.269660,26852.347486
R10:26852.230000,0.023187,26852.347499,26852.370688
R11:26852.231660,0.135879,26852.370707,26852.506589
R12:26852.246429,0.042700,26852.506602,26852.549305
R13:26852.263481,0.009600,26852.549318,26852.558921
R14:26852.277389,0.020519,26852.558934,26852.579457
R15:26852.960915,0.152254,26852.960974,26853.113240
R16:26853.032878,0.029252,26853.113267,26853.142523
R17:26853.127727,0.061912,26853.142537,26853.204454
R18:26853.229223,0.300302,26853.229251,26853.529559
R19:26853.297283,0.122966,26853.529582,26853.652553
R20:26853.331897,0.122442,26853.652568,26853.775017
R21:26853.406718,0.185106,26853.775031,26853.960141
R22:26853.457846,0.036214,26853.960154,26853.996372
R23:26853.491165,0.209469,26853.996385,26854.205858
R24:26853.656056,0.248530,26854.205871,26854.454420
R25:26853.663294,0.007499,26854.454475,26854.461980
R26:26853.737955,0.090695,26854.461996,26854.552697
R27:26853.759309,0.035757,26854.552711,26854.588473
R28:26853.980253,0.001686,26854.588487,26854.590177
R29:26853.986895,0.005431,26854.590194,26854.595629
R30:26854.048093,0.293994,26854.595642,26854.889644
R31:26854.075316,0.158606,26854.889665,26855.048276
R32:26854.307822,0.064667,26855.048290,26855.112963
R33:26854.338855,0.119013,26855.112977,26855.231995
R34:26854.385894,0.091816,26855.232016,26855.323836
R35:26854.457757,0.003339,26855.323850,26855.327194
R36:26854.533614,0.223819,26855.327208,26855.551030
R37:26854.591181,0.106364,26855.551043,26855.657412
R38:26854.858277,0.111788,26855.657425,26855.769220
R39:26854.891732,0.036419,26855.769233,26855.805657
R40:26854.993900,0.015124,26855.805670,26855.820798
R41:26855.110337,0.176741,26855.820811,26855.997556
R42:26855.168344,0.033415,26855.997568,26856.030985
R43:26855.345080,0.186534,26856.030998,26856.217537
R44:26855.371090,0.096708,26856.217550,26856.314266
R45:26855.414231,0.074024,26856.314279,26856.388308
R46:26855.727667,0.163059,26856.388321,26856.551383
R47:26855.834765,0.214719,26856.551396,26856.766124
R48:26855.892676,0.140512,26856.766137,26856.906653
R49:26855.943505,0.201567,26856.906666,26857.108240
R50:26856.058782,0.020260,26857.108253,26857.128517
R51:26856.124661,0.210611,26857.128530,26857.339150
R52:26856.424751,0.177430,26857.339173,26857.516606
R53:26856.440735,0.047129,26857.516619,26857.563753
R54:26856.543210,0.027498,26857.563766,26857.591268
R55:26856.639872,0.030616,26857.591280,26857.621898
R56:26856.794060,0.021360,26857.621910,26857.643274
R57:26856.853317,0.026941,26857.643287,26857.670232
R58:26856.874092,0.044893,26857.670245,26857.715142
R59:26856.955396,0.197754,26857.715155,26857.912913
R60:26856.973990,0.011230,26857.912925,26857.924160
R61:26856.984884,0.119092,26857.924172,26858.043274
R62:26857.053296,0.227786,26858.043288,26858.271095
R63:26857.471633,0.040266,26858.271132,26858.311406
R64:26857.586983,0.038326,26858.311423,26858.349755
R65:26857.725530,0.022026,26858.349769,26858.371799
R66:26857.760372,0.023355,26858.371813,26858.395171
R67:26857.848201,0.109777,26858.395185,26858.504966
R68:26857.864741,0.131443,26858.504981,26858.636430
R69:26857.878155,0.113898,26858.636444,26858.750346
R70:26857.896087,0.249818,26858.750360,26859.000185
R71:26857.903839,0.061436,26859.000198,26859.061641
R72:26857.909241,0.022877,26859.061654,26859.084537
R73:26857.928631,0.109934,26859.084559,26859.194497
R74:26858.088491,0.285300,26859.194511,26859.479821
R75:26858.195374,0.118834,26859.479843,26859.598683
R76:26858.297402,0.012076,26859.598698,26859.610779
R77:26858.307230,0.006788,26859.610793,26859.617586
R78:26858.380681,0.019082,26859.618124,26859.637212
R79:26858.387939,0.142751,26859.637226,26859.779987
R80:26858.449828,0.117406,26859.780010,26859.897424
R81:26858.535013,0.014312,26859.897440,26859.911758
R82:26858.540353,0.019047,26859.911771,26859.930823
R83:26859.735996,0.011172,26859.930843,26859.942020
R84:26859.956703,0.004631,26859.956729,26859.961366
R85:26860.568615,0.006256,26860.568661,26860.574928
R86:26860.773085,0.213737,26860.773118,26860.986867
R87:26860.773524,0.016575,26860.986915,26861.003499
R88:26860.863642,0.041423,26861.003515,26861.044947
R89:26860.881460,0.142759,26861.044961,26861.187726
R90:26861.125685,0.067004,26861.187740,26861.254754
R91:26861.170184,0.050211,26861.254769,26861.304990
R92:26861.256819,0.008747,26861.305020,26861.313773
R93:26861.373117,0.117992,26861.373142,26861.491140
R94:26861.448806,0.404774,26861.491154,26861.895940
R95:26861.485097,0.175048,26861.895955,26862.071017
R96:26861.571137,0.082609,26862.071030,26862.153646
R97:26861.708901,0.114795,26862.153659,26862.268459
R98:26861.712521,0.216275,26862.268472,26862.484758
R99:26861.891649,0.148173,26862.484779,26862.632957
R100:26862.098267,0.113487,26862.632972,26862.746464
R101:26862.486688,0.342518,26862.746513,26863.089050
R102:26862.720378,0.057307,26863.089108,26863.146424
R103:26862.830312,0.147669,26863.146443,26863.294116
R104:26862.848228,0.006677,26863.294131,26863.300810
R105:26863.068023,0.023756,26863.300823,26863.324585
R106:26863.172952,0.021687,26863.324597,26863.346289
R107:26863.272245,0.031755,26863.346303,26863.378064
R108:26863.392856,0.021935,26863.392884,26863.414825
R109:26863.432737,0.083549,26863.432766,26863.516319
R110:26863.440458,0.087755,26863.516334,26863.604093
R111:26863.465780,0.296387,26863.604106,26863.900499
R112:26863.537259,0.065824,26863.900513,26863.966342
R113:26863.570124,0.010019,26863.966354,26863.976376
R114:26863.697164,0.074818,26863.976390,26864.051212
R115:26863.760941,0.049959,26864.051225,26864.101187
R116:26864.049758,0.156817,26864.101200,26864.258022
R117:26864.090769,0.000270,26864.258036,26864.258309
R118:26864.147783,0.076042,26864.258354,26864.334400
R119:26864.190092,0.022203,26864.334413,26864.356621
R120:26864.369222,0.054968,26864.369247,26864.424219
R121:26864.481777,0.030315,26864.481807,26864.512127
R122:26864.547559,0.016798,26864.547593,26864.564399
R123:26864.672086,0.003477,26864.672114,26864.675595
R124:26864.769340,0.099223,26864.769367,26864.868595
R125:26864.822795,0.084593,26864.868611,26864.953234
R126:26864.934867,0.017009,26864.953249,26864.970261
R127:26864.977508,0.082217,26864.977532,26865.059753
R128:26865.071451,0.033171,26865.071477,26865.104656
R129:26865.202665,0.018826,26865.202693,26865.221527
R130:26865.337558,0.096201,26865.337593,26865.433801
R131:26865.591298,0.024785,26865.591326,26865.616116
R132:26865.697197,0.007644,26865.697229,26865.704881
R133:26865.773237,0.174891,26865.773264,26865.948163
R134:26865.803425,0.008202,26865.948184,26865.956391
R135:26865.919306,0.037399,26865.956405,26865.993809
R136:26865.931111,0.074955,26865.993823,26866.068784
R137:26866.017083,0.028398,26866.068801,26866.097200
R138:26866.126919,0.028351,26866.126942,26866.155301
R139:26866.276438,0.017534,26866.276461,26866.294007
R140:26866.316446,0.000299,26866.316481,26866.316785
R141:26866.732272,0.033557,26866.732301,26866.765864
R142:26866.907958,0.047799,26866.907995,26866.955799
R143:26866.928821,0.209371,26866.955814,26867.165189
R144:26867.247363,0.100075,26867.247394,26867.347473
R145:26867.392142,0.096473,26867.392170,26867.488649
R146:26867.405071,0.124036,26867.488663,26867.612716
R147:26867.453501,0.206683,26867.612739,26867.819429
R148:26867.740073,0.018966,26867.819445,26867.838417
R149:26867.938074,0.066181,26867.938097,26868.004288
R150:26868.095908,0.196097,26868.095932,26868.292036
R151:26868.131201,0.172609,26868.292051,26868.464666
R152:26868.371608,0.071541,26868.464679,26868.536226
R153:26868.440560,0.026674,26868.536239,26868.562918
R154:26868.458331,0.056505,26868.562932,26868.619442
R155:26868.658278,0.157508,26868.658307,26868.815820
R156:26868.720592,0.028665,26868.816100,26868.844767
R157:26868.789113,0.096048,26868.844779,26868.940833
R158:26868.809017,0.012477,26868.940846,26868.953328
R159:26868.939054,0.056509,26868.953341,26869.009854
R160:26869.031474,0.107356,26869.031499,26869.138863
R161:26869.213583,0.020915,26869.213612,26869.234535
R162:26869.233221,0.010772,26869.234550,26869.245327
R163:26869.302248,0.037248,26869.302280,26869.339538
R164:26869.317142,0.223892,26869.339552,26869.563452
R165:26869.356422,0.081093,26869.563468,26869.644565
R166:26869.595557,0.142038,26869.644579,26869.786620
R167:26869.776861,0.033994,26869.786634,26869.820634
R168:26869.845400,0.089615,26869.845423,26869.935043
R169:26869.895552,0.024969,26869.935057,26869.960028
R170:26869.989434,0.006276,26869.989469,26869.995750
R171:26870.005850,0.086823,26870.005877,26870.092705
R172:26870.017275,0.028338,26870.092718,26870.121061
R173:26870.062472,0.007964,26870.121073,26870.129039
R174:26870.102733,0.227135,26870.129050,26870.356190
R175:26870.158483,0.025709,26870.356202,26870.381915
R176:26870.246095,0.119546,26870.381928,26870.501478
R177:26870.353614,0.014259,26870.501491,26870.515751
R178:26870.420451,0.081884,26870.515764,26870.597652
R179:26870.635050,0.019416,26870.635078,26870.654500
R180:26870.707990,0.046289,26870.708020,26870.754314
R181:26870.789556,0.041793,26870.789578,26870.831376
R182:26870.966726,0.032879,26870.966753,26870.999637
R183:26870.994756,0.084827,26870.999654,26871.084485
R184:26871.125460,0.034405,26871.125496,26871.159905
R185:26871.544420,0.012189,26871.544457,26871.556658
R186:26871.772289,0.000452,26871.772318,26871.772779
R187:26871.825199,0.124078,26871.825223,26871.949307
R188:26871.978125,0.010149,26871.978153,26871.988307
R189:26872.012912,0.106380,26872.012939,26872.119337
R190:26872.213578,0.049684,26872.213606,26872.263296
R191:26872.218634,0.102558,26872.263311,26872.365873
R192:26872.648909,0.053521,26872.648933,26872.702460
R193:26872.672608,0.008219,26872.702475,26872.710697
R194:26872.873011,0.040226,26872.873040,26872.913274
R195:26872.883510,0.089198,26872.913293,26873.002495
R196:26872.919434,0.011768,26873.002510,26873.014280
R197:26873.085036,0.004575,26873.085066,26873.089646
R198:26873.090340,0.126507,26873.090361,26873.216872
R199:26873.151546,0.048700,26873.216887,26873.265591
R200:26873.269343,0.074226,26873.269366,26873.343596
R201:26873.282037,0.062901,26873.343611,26873.406515
R202:26873.368468,0.037441,26873.406528,26873.443970
R203:26873.458873,0.182978,26873.458899,26873.641882
R204:26873.495168,0.015509,26873.641897,26873.657410
R205:26873.559909,0.062168,26873.657423,26873.719595
R206:26873.654008,0.075569,26873.719608,26873.795182
R207:26873.750490,0.147569,26873.795195,26873.942768
R208:26873.777108,0.008672,26873.942781,26873.951457
R209:26873.784378,0.015492,26873.951470,26873.966965
R210:26874.041727,0.021294,26874.041759,26874.063061
R211:26874.107467,0.028638,26874.107502,26874.136145
R212:26874.282794,0.175501,26874.282823,26874.458330
R213:26874.326999,0.140575,26874.458344,26874.598923
R214:26874.369212,0.003084,26874.598937,26874.602022
R215:26874.476851,0.125520,26874.602035,26874.727558
R216:26874.506628,0.150710,26874.727571,26874.878287
R217:26874.604976,0.020813,26874.878300,26874.899117
R218:26874.641824,0.078991,26874.899129,26874.978124
R219:26874.663897,0.093560,26874.978137,26875.071700
R220:26874.675524,0.105920,26875.071714,26875.177638
R221:26874.827974,0.042734,26875.177651,26875.220393
R222:26874.850339,0.047431,26875.220409,26875.267844
R223:26874.888276,0.040613,26875.267858,26875.308474
R224:26874.914548,0.014008,26875.308488,26875.322499
R225:26874.990663,0.001224,26875.322512,26875.323740
R226:26875.071727,0.040128,26875.323753,26875.363885
R227:26875.119572,0.111429,26875.363898,26875.475331
R228:26875.156020,0.087404,26875.475345,26875.562752
R229:26875.186195,0.210052,26875.562765,26875.772825
R230:26875.266567,0.138300,26875.772846,26875.911150
R231:26875.382405,0.031158,26875.911164,26875.942324
R232:26875.502093,0.000502,26875.942337,26875.942840
R233:26875.605915,0.154777,26875.943139,26876.097924
R234:26875.682055,0.085763,26876.097937,26876.183704
R235:26875.778411,0.042667,26876.183717,26876.226390
R236:26875.851506,0.105744,26876.226403,26876.332150
R237:26875.896478,0.094385,26876.332163,26876.426552
R238:26876.058381,0.002787,26876.426565,26876.429353
R239:26876.074990,0.096456,26876.429366,26876.525825
R240:26876.081561,0.080404,26876.525839,26876.606246
R241:26876.102343,0.069912,26876.606259,26876.676174
R242:26876.222844,0.000477,26876.676187,26876.676667
R243:26876.222963,0.025269,26876.676680,26876.701955
R244:26876.259388,0.162400,26876.701971,26876.864383
R245:26876.365920,0.034797,26876.864410,26876.899214
R246:26876.385914,0.176004,26876.899228,26877.075236
R247:26876.495982,0.031313,26877.075249,26877.106566
R248:26876.601918,0.017177,26877.106579,26877.123760
R249:26876.818228,0.058341,26877.123773,26877.182117
R250:26876.835333,0.093829,26877.182131,26877.275963
R251:26877.011926,0.017675,26877.275976,26877.293654
R252:26877.246451,0.102034,26877.293668,26877.395705
R253:26877.296633,0.066062,26877.395718,26877.461783
R254:26877.499838,0.224617,26877.499866,26877.724487
R255:26877.634160,0.217625,26877.724501,26877.942130
R256:26877.660709,0.225779,26877.942143,26878.167927
R257:26877.740888,0.067019,26878.167941,26878.234965
R258:26877.809098,0.133972,26878.234977,26878.368953
R259:26878.089010,0.075219,26878.368966,26878.444189
R260:26878.257292,0.446682,26878.444202,26878.890889
R261:26878.364360,0.032697,26878.890903,26878.923610
R262:26878.639023,0.074129,26878.923627,26878.997761
R263:26878.846422,0.118692,26878.997774,26879.116470
R264:26878.947982,0.132026,26879.116485,26879.248518
R265:26879.097348,0.077275,26879.248531,26879.325811
R266:26879.127844,0.015222,26879.325824,26879.341051
R267:26879.191445,0.166926,26879.341064,26879.507997
R268:26879.350166,0.090990,26879.508016,26879.599012
R269:26879.556548,0.078892,26879.599025,26879.677921
R270:26879.609740,0.086444,26879.677934,26879.764382
R271:26879.700604,0.013381,26879.764395,26879.777778
R272:26879.777954,0.002793,26879.777982,26879.780781
R273:26879.864486,0.060844,26879.864514,26879.925366
R274:26879.985202,0.060309,26879.985228,26880.045540
R275:26880.163955,0.056081,26880.163981,26880.220069
R276:26880.175917,0.004143,26880.220083,26880.224229
R277:26880.247330,0.040465,26880.247360,26880.287829
R278:26880.415737,0.050142,26880.415763,26880.465909
R279:26880.517267,0.044405,26880.517296,26880.561706
R280:26880.532827,0.043514,26880.561720,26880.605237
R281:26880.561206,0.105368,26880.605250,26880.710626
R282:26880.562971,0.139697,26880.710639,26880.850348
R283:26880.648241,0.049328,26880.850371,26880.899705
R284:26880.735640,0.444320,26880.899719,26881.344048
R285:26880.800543,0.006430,26881.344065,26881.350497
R286:26880.806609,0.075793,26881.350510,26881.426307
R287:26880.908993,0.020682,26881.426321,26881.447009
R288:26880.934180,0.214219,26881.447027,26881.661250
R289:26881.033678,0.051790,26881.661263,26881.713063
R290:26881.167603,0.158420,26881.713076,26881.871500
R291:26881.225335,0.247849,26881.871513,26882.119385
R292:26881.530387,0.121398,26882.119436,26882.240839
R293:26881.759748,0.064123,26882.240855,26882.304983
R294:26881.800342,0.054102,26882.304997,26882.359104
R295:26881.825084,0.052306,26882.359118,26882.411428
R296:26882.124321,0.284973,26882.411441,26882.696428
R297:26882.340026,0.051047,26882.696476,26882.747530
R298:26882.360344,0.121196,26882.747549,26882.868751
R299:26882.511872,0.024821,26882.868765,26882.893591
R300:26882.747046,0.275881,26882.893604,26883.169497
R301:26882.890442,0.042900,26883.169525,26883.212429
R302:26882.930773,0.067370,26883.212444,26883.279819
R303:26883.013057,0.017666,26883.279832,26883.297502
R304:26883.110397,0.037204,26883.297515,26883.334726
R305:26883.175410,0.206932,26883.334739,26883.541678
R306:26883.281515,0.077732,26883.541692,26883.619430
R307:26883.305181,0.009690,26883.619444,26883.629135
R308:26883.505758,0.018491,26883.629148,26883.647641
R309:26883.552540,0.074849,26883.647654,26883.722507
R310:26883.656544,0.075599,26883.722850,26883.798455
R311:26883.769429,0.068580,26883.798469,26883.867055
R312:26883.775503,0.023158,26883.867068,26883.890230
R313:26883.858431,0.035113,26883.890243,26883.925357
R314:26883.860346,0.214415,26883.925370,26884.139789
R315:26883.861262,0.122722,26884.139803,26884.262528
R316:26883.953252,0.225595,26884.262541,26884.488141
R317:26884.171471,0.049514,26884.488154,26884.537673
R318:26884.190481,0.132156,26884.537685,26884.669845
R319:26884.257377,0.281006,26884.669858,26884.950882
R320:26884.359274,0.028881,26884.950924,26884.979811
R321:26884.376162,0.037979,26884.979826,26885.017811
R322:26884.590047,0.114741,26885.017824,26885.132570
R323:26884.819761,0.026568,26885.132584,26885.159156
R324:26884.884382,0.010873,26885.159170,26885.170048
R325:26885.177466,0.081336,26885.177489,26885.258829
R326:26885.378233,0.215346,26885.378260,26885.593612
R327:26885.505073,0.027640,26885.593629,26885.621273
R328:26885.525423,0.018906,26885.621286,26885.640196
R329:26885.543721,0.016156,26885.640210,26885.656370
R330:26885.642111,0.021516,26885.656383,26885.677900
R331:26885.655668,0.001164,26885.677913,26885.679079
R332:26885.949283,0.010652,26885.949310,26885.959971
R333:26885.966829,0.087139,26885.966856,26886.054010
R334:26886.028805,0.008859,26886.054027,26886.062888
R335:26886.275586,0.006097,26886.275614,26886.281718
R336:26886.370847,0.057170,26886.370876,26886.428052
R337:26886.420907,0.028915,26886.428068,26886.456989
R338:26886.478290,0.202906,26886.478319,26886.681230
R339:26886.506287,0.017633,26886.681246,26886.698884
R340:26886.589801,0.047113,26886.698904,26886.746026
R341:26886.593342,0.116660,26886.746048,26886.862713
R342:26886.761499,0.516639,26886.862729,26887.379373
R343:26886.805580,0.061782,26887.379388,26887.441175
R344:26886.809220,0.090341,26887.441189,26887.531533
R345:26886.831660,0.033077,26887.531547,26887.564625
R346:26886.951993,0.086706,26887.564638,26887.651348
R347:26887.172132,0.004289,26887.651361,26887.655664
R348:26887.213915,0.135519,26887.655678,26887.791202
R349:26887.359466,0.095455,26887.791214,26887.886677
R350:26887.479442,0.031278,26887.886690,26887.917972
R351:26887.713985,0.029477,26887.917986,26887.947467
R352:26887.853619,0.017464,26887.947481,26887.964949
R353:26888.019369,0.004577,26888.019397,26888.023979
R354:26888.108816,0.014260,26888.108852,26888.123118
R355:26888.119532,0.012198,26888.123134,26888.135336
R356:26888.147528,0.004984,26888.147557,26888.152546
R357:26888.236488,0.242465,26888.236524,26888.478995
R358:26888.456825,0.216100,26888.479017,26888.695122
R359:26888.462599,0.024751,26888.695136,26888.719892
R360:26888.525914,0.015411,26888.719905,26888.735321
R361:26888.614354,0.053912,26888.735333,26888.789249
R362:26888.702208,0.217050,26888.789263,26889.006317
R363:26888.871253,0.072739,26889.006334,26889.079078
R364:26888.946024,0.021266,26889.079091,26889.100361
R365:26889.076742,0.083666,26889.100374,26889.184043
R366:26889.107425,0.001399,26889.184056,26889.185459
R367:26889.184688,0.035585,26889.185471,26889.221059
R368:26889.452819,0.061622,26889.452858,26889.514491
R369:26889.475872,0.030581,26889.514515,26889.545102
R370:26889.527124,0.086335,26889.545115,26889.631461
R371:26889.641044,0.026114,26889.641072,26889.667194
R372:26889.699638,0.033734,26889.699666,26889.733404
R373:26889.821118,0.118652,26889.821141,26889.939798
R374:26889.845275,0.095889,26889.939813,26890.035707
R375:26889.875138,0.155427,26890.035720,26890.191154
R376:26889.876777,0.076517,26890.191174,26890.267695
R377:26890.068117,0.091875,26890.267708,26890.359587
R378:26890.106907,0.156990,26890.359600,26890.516594
R379:26890.181744,0.024668,26890.516606,26890.541281
R380:26890.210547,0.060194,26890.541294,26890.601492
R381:26890.218159,0.078769,26890.601504,26890.680277
R382:26890.438721,0.143518,26890.680289,26890.823816
R383:26890.514450,0.111220,26890.823832,26890.935055
R384:26890.833770,0.037183,26890.935068,26890.972253
R385:26890.875935,0.002013,26890.972265,26890.974279
R386:26890.880436,0.055665,26890.974291,26891.029962
R387:26890.880952,0.102658,26891.029980,26891.132643
R388:26890.915615,0.059006,26891.132903,26891.191913
R389:26891.087183,0.006791,26891.191927,26891.198720
R390:26891.150203,0.055081,26891.198732,26891.253817
R391:26891.171403,0.003697,26891.253830,26891.257530
R392:26891.428308,0.023404,26891.428341,26891.451755
R393:26891.437145,0.078733,26891.451779,26891.530516
R394:26891.561405,0.271566,26891.561430,26891.833007
R395:26891.571164,0.015136,26891.833023,26891.848165
R396:26891.773266,0.117988,26891.848178,26891.966172
R397:26891.837894,0.000584,26891.966187,26891.966774
R398:26891.988186,0.111130,26891.988214,26892.099348
R399:26892.074621,0.213201,26892.099362,26892.312567
R400:26892.210779,0.129124,26892.312580,26892.441709
R401:26892.220926,0.008917,26892.441721,26892.450643
R402:26892.513616,0.022795,26892.513644,26892.536448
R403:26892.545775,0.008322,26892.545806,26892.554132
R404:26892.711727,0.027053,26892.711752,26892.738810
R405:26892.849069,0.231335,26892.849092,26893.080446
R406:26892.868110,0.008473,26893.080475,26893.088963
R407:26893.011186,0.155508,26893.088981,26893.244493
R408:26893.408099,0.098263,26893.408131,26893.506400
R409:26893.449905,0.047489,26893.506415,26893.553909
R410:26893.510887,0.032628,26893.553923,26893.586553
R411:26893.617033,0.011603,26893.617058,26893.628665
R412:26893.708799,0.039568,26893.708819,26893.748392
R413:26893.717285,0.089871,26893.748406,26893.838280
R414:26893.732017,0.177164,26893.838297,26894.015466
R415:26893.744177,0.019735,26894.015479,26894.035217
R416:26893.831516,0.062721,26894.035231,26894.097966
R417:26893.941883,0.239051,26894.097985,26894.337043
R418:26893.979335,0.010851,26894.337057,26894.347910
R419:26894.125537,0.060290,26894.347923,26894.408217
R420:26894.129450,0.019809,26894.408230,26894.428044
R421:26894.180420,0.014546,26894.428057,26894.442607
R422:26894.240690,0.047395,26894.442619,26894.490019
R423:26894.277547,0.087434,26894.490032,26894.577470
R424:26894.278096,0.051650,26894.577483,26894.629138
R425:26894.291593,0.126272,26894.629152,26894.755428
R426:26894.300390,0.096180,26894.755442,26894.851626
R427:26894.454540,0.168241,26894.851638,26895.019883
R428:26894.695596,0.004028,26895.019896,26895.023929
R429:26894.702075,0.016247,26895.023941,26895.040195
R430:26894.776963,0.009667,26895.040211,26895.049880
R431:26895.039894,0.075568,26895.049892,26895.125467
R432:26895.089007,0.100425,26895.125480,26895.225909
R433:26895.190740,0.043493,26895.225922,26895.269419
R434:26895.268275,0.071832,26895.269432,26895.341268
R435:26895.441120,0.020890,26895.441143,26895.462038
R436:26895.695662,0.039060,26895.695685,26895.734753
R437:26895.851378,0.008548,26895.851413,26895.859970
R438:26895.899503,0.040826,26895.899527,26895.940359
R439:26896.064522,0.226737,26896.064551,26896.291298
R440:26896.202082,0.148383,26896.291312,26896.439699
R441:26896.391317,0.084035,26896.439712,26896.523752
R442:26896.516655,0.081660,26896.523765,26896.605429
R443:26896.589257,0.072056,26896.605442,26896.677503
R444:26896.659059,0.002493,26896.677516,26896.680013
R445:26896.770492,0.076296,26896.770522,26896.846825
R446:26896.911546,0.012951,26896.911574,26896.924530
R447:26896.926524,0.125202,26896.926544,26897.051756
R448:26896.948338,0.110767,26897.051770,26897.162542
R449:26897.134313,0.091561,26897.162556,26897.254120
R450:26897.154656,0.009298,26897.254133,26897.263433
R451:26897.192200,0.008987,26897.263445,26897.272434
R452:26897.411517,0.026262,26897.411553,26897.437824
R453:26897.476883,0.028276,26897.476910,26897.505189
R454:26897.499176,0.244790,26897.505203,26897.750000
R455:26897.606375,0.058923,26897.750018,26897.808949
R456:26897.631473,0.229529,26897.808961,26898.038494
R457:26897.782194,0.029083,26898.038507,26898.067591
R458:26897.797528,0.086190,26898.067604,26898.153800
R459:26897.879859,0.022089,26898.153814,26898.175904
R460:26898.086548,0.082710,26898.175917,26898.258636
R461:26898.198643,0.139719,26898.258649,26898.398373
R462:26898.377366,0.002405,26898.398387,26898.400800
R463:26898.525785,0.080103,26898.525812,26898.605920
R464:26898.615061,0.124095,26898.615090,26898.739197
R465:26898.759371,0.006655,26898.759404,26898.766065
R466:26898.792834,0.015801,26898.792864,26898.808673
R467:26899.004884,0.037163,26899.004916,26899.042084
R468:26899.024620,0.039663,26899.042098,26899.081765
R469:26899.083151,0.008844,26899.083190,26899.092038
R470:26899.187446,0.169660,26899.187473,26899.357139
R471:26899.226872,0.009167,26899.357153,26899.366325
R472:26899.320423,0.115431,26899.366339,26899.481774
R473:26899.484313,0.038080,26899.484337,26899.522422
R474:26899.535203,0.026476,26899.535227,26899.561707
R475:26899.585340,0.005890,26899.585368,26899.591262
R476:26899.676895,0.047165,26899.676920,26899.724090
R477:26899.908726,0.093622,26899.908754,26900.002382
R478:26900.121801,0.053165,26900.121828,26900.174998
R479:26900.183555,0.021178,26900.183582,26900.204764
R480:26900.218162,0.071644,26900.218191,26900.289839
R481:26900.246424,0.011231,26900.289852,26900.301084
R482:26900.282263,0.054519,26900.301096,26900.355619
R483:26900.420681,0.017816,26900.420720,26900.438545
R484:26900.487226,0.011930,26900.487250,26900.499185
R485:26900.683042,0.017004,26900.683070,26900.700086
R486:26900.717756,0.192528,26900.717795,26900.910334
R487:26900.718059,0.137790,26900.910351,26901.048148
R488:26900.752139,0.096936,26901.048164,26901.145107
R489:26900.857265,0.003813,26901.145120,26901.148936
R490:26900.876558,0.124326,26901.148949,26901.273278
R491:26901.197743,0.164599,26901.273291,26901.437898
R492:26901.209736,0.429100,26901.437912,26901.867019
R493:26901.232965,0.091862,26901.867042,26901.958912
R494:26901.309781,0.146954,26901.958927,26902.105885
R495:26901.372493,0.103706,26902.105897,26902.209607
R496:26901.595363,0.017920,26902.209620,26902.227544
R497:26901.647335,0.014006,26902.227557,26902.241568
R498:26901.829350,0.032612,26902.241581,26902.274197
R499:26901.941337,0.063366,26902.274210,26902.337580
